-0.0107068266 0.00910859252 0.477595288
0.0426621255 0.00910859252 0.470569132
-0.0107068266 0.0166485865 0.476602629
-0.0412210429 0.0138418363 0.472954872
-0.0481523815 0.00691049772 0.472954872
-0.0479026305 0.00684624862 0.472996211
-0.0129691705 0.00684624862 0.477595288
-0.0119455443 0.0179778943 0.476264542
-0.0129691705 0.000304962113 0.476734112
-0.0426681536 0.00161177171 0.472996211
-0.0153481629 -0.00224801114 0.476084806
0.0470649019 0.00878660787 0.469947106
0.201659222 0.0140039278 0.429095145
0.197278801 0.0245791987 0.429095145
0.167762130 0.0139130681 0.443151369
0.167331895 0.0123074087 0.443605066
0.198042833 0.0123074087 0.430884179
0.108314030 0.0186979387 0.455333009
0.0742421999 0.00956841929 0.464960382
0.161686564 0.00956841929 0.445473503
0.0645288331 0.00878660787 0.466950769
-0.0119455443 0.0685110855 0.455333009
-0.0244771121 0.0886427260 0.444844133
-0.131541635 0.0442951487 0.444844133
-0.123001267 0.0357547814 0.449846965
-0.0182887889 0.0820326788 0.448643853
-0.117672749 0.0158684797 0.455466059
-0.0992094510 0.00691049772 0.461576861
-0.154846916 0.0527167345 0.433745854
-0.164874972 0.0285068654 0.433745854
-0.137934326 0.0158684797 0.447073439
-0.109602005 -0.0196096119 0.452721993
-0.105112546 -0.0151201529 0.455351857
-0.121463405 -0.0238958417 0.447073439
-0.0153481629 -0.0586508316 0.452721993
0.135859382 -0.0103263552 0.446795533
-0.00972817385 -0.0706306953 0.446795533
0.166359563 -0.00787145049 0.440545674
0.186647741 -0.0152027771 0.430884179
0.238072310 0.0413948648 0.398077361
0.225531972 0.0366873586 0.408667785
0.218322333 0.0140039278 0.418863755
0.219432380 0.0136339122 0.418088063
0.245510834 0.0136339122 0.398077361
0.209386961 0.0366873587 0.418581055
0.209444978 0.154551064 0.346175418
0.209386961 0.154396512 0.346305939
0.269368076 0.0946279662 0.346175418
0.205370364 0.228253017 0.290459680
-0.0374808683 0.293324808 0.290459680
-0.0374808683 0.127653994 0.417583367
-0.0374861062 0.293332004 0.290453082
-0.205101223 0.248419669 0.290453082
-0.210241221 0.241316417 0.294846792
-0.212506611 0.200339844 0.325823447
-0.205236503 0.180972983 0.342178930
-0.205236503 0.103106321 0.389990183
-0.262671225 0.150175230 0.325823447
-0.266962172 0.136725899 0.331446827
-0.253067004 0.113090661 0.354491037
-0.226469696 0.103106321 0.376952696
-0.204670942 0.0345216771 0.407780790
-0.186626507 0.0285068654 0.420390098
-0.274119500 0.0345216771 0.354491037
-0.278977499 0.0309852274 0.350036253
-0.254322062 -0.0610301166 0.350036253
-0.209768944 -0.0443053611 0.387661749
-0.141872924 -0.0443053613 0.429350884
-0.277457562 -0.100382864 0.311667568
-0.159992615 -0.217847811 0.311667568
-0.141872924 -0.169578721 0.352431237
-0.0111587163 -0.128032877 0.411185932
-0.00972817385 -0.123741249 0.414184888
-0.156794886 -0.275688596 0.267942241
-0.0111587163 -0.314711690 0.267942241
0.210182596 -0.193637083 0.315337252
-0.00533697566 -0.322708979 0.260608728
0.212553441 -0.264325418 0.260608728
0.215655439 -0.208216204 0.303025057
0.210182596 -0.0387376327 0.410447746
0.243638181 -0.0415756395 0.388162958
0.236078008 -0.0387376327 0.394547591
0.281248557 -0.142623087 0.303025057
0.288915765 -0.118591367 0.313073103
0.256322617 0.00576332128 0.388162958
0.306169892 0.0969674691 0.301091252
0.290398506 0.0938875806 0.322443315
0.265670383 0.00576332128 0.377513876
0.267584510 0.00520715581 0.375163510
0.324422153 0.00520715581 0.301091252
0.271535048 0.0961122220 0.343253709
0.329291789 0.156403714 0.225840036
0.273188440 0.240368309 0.225840036
0.271535048 0.238714917 0.229143153
0.212536188 0.238714916 0.276353991
0.275699529 0.298218095 0.154550764
0.262933351 0.317837942 0.141269861
0.198095628 0.361161123 0.141269860
0.187183128 0.376848996 0.126729105
-0.0339597180 0.314795170 0.264925564
-0.0374861062 0.302658576 0.279828144
0.186480699 0.378320706 0.124993224
0.180441891 0.383689428 0.119561995
0.0840563937 0.402861695 0.119561995
0.0274173798 0.409139782 0.126062631
0.0212667221 0.407908945 0.129261110
0.0155789073 0.406479504 0.132598433
-0.0336264593 0.378063146 0.182386742
-0.0339597180 0.377793640 0.182824359
-0.140409444 0.356619473 0.182824359
-0.161851972 0.337556281 0.202109499
-0.182273067 0.322584492 0.212931977
-0.199229513 0.298207808 0.235526207
-0.240406686 0.270694101 0.235526207
-0.257244130 0.244817282 0.253042528
-0.257092168 0.241316417 0.257356703
-0.262671225 0.226755671 0.264543843
-0.321911628 0.138096143 0.264543843
-0.324755858 0.129910063 0.267688136
-0.325601130 0.128757136 0.267077124
-0.298165828 0.0309852274 0.328176688
-0.350951669 0.100242519 0.241431436
-0.366090455 0.0241347001 0.241431436
-0.321742945 0.0241347001 0.299226238
-0.381547731 0.00502094473 0.216332309
-0.399443588 -0.0259672700 0.184976972
-0.398670558 -0.0329413112 0.184176540
-0.383498563 -0.109216078 0.184176540
-0.357750957 -0.104188001 0.219034890
-0.293991131 -0.111707447 0.289375499
-0.391582286 -0.129995780 0.157867713
-0.376937314 -0.172145994 0.141677713
-0.293991131 -0.296283728 0.141677714
-0.290604488 -0.305122508 0.137314919
-0.176955491 -0.305122507 0.228256751
-0.290804510 -0.309730560 0.131636338
-0.271724140 -0.339054445 0.111786658
-0.180889646 -0.399748113 0.111786657
-0.172208153 -0.402764474 0.115121240
-0.168680328 -0.401392079 0.119587759
-0.166761093 -0.391564125 0.132893316
-0.0112977828 -0.347940317 0.230045357
-0.00533697566 -0.327425306 0.255235835
-0.0923782457 -0.416569507 0.119587759
-0.0410387659 -0.422260173 0.125480151
-0.0112977828 -0.405084599 0.155573479
0.0314487628 -0.400346407 0.150667325
0.155573057 -0.375656550 0.150667325
0.158205536 -0.373316180 0.153034944
0.199563609 -0.342994382 0.174953299
0.205333129 -0.334700086 0.182641105
0.213474160 -0.265669642 0.258796323
0.268080707 -0.265669642 0.215100209
0.256412171 -0.300570161 0.182641105
0.268771160 -0.281576108 0.195498402
0.281248557 -0.231302957 0.232063499
0.300557865 -0.117218369 0.300229399
0.306615447 -0.193338724 0.232063499
0.317728008 -0.161355267 0.244348423
0.300974495 -0.113785609 0.300802621
0.324599906 0.00498735465 0.300802621
0.417746770 0.0376490378 0.0708391142
0.400909375 0.143956166 0.0708391142
0.398156775 0.149274688 0.0754508142
0.378234960 0.148203762 0.123955824
0.353780831 0.00949971563 0.236030116
0.408666309 0.00949971563 0.103524850
0.415014102 0.0274062001 0.0813529523
0.335590725 0.160048082 0.210714540
0.339751799 0.00498735465 0.268173786
0.397581185 0.150802667 0.0749698418
0.339897139 0.264013982 0.0749698417
0.326148144 0.279692262 0.0886214333
0.320903159 0.286289979 0.0900701314
0.315106396 0.294663762 0.0850764323
0.254083830 0.355686329 0.0850764323
0.252691826 0.356649945 0.0859065522
0.230186035 0.374541369 0.0809648276
0.229245059 0.374945649 0.0813535453
0.188516542 0.395697865 0.0813535454
0.175773286 0.400498254 0.0853648260
0.168760206 0.403924446 0.0809907313
0.124544637 0.409999949 0.0868470797
0.0974496505 0.414291374 0.0868470796
0.0623908496 0.418470291 0.0901638489
-0.0952448719 0.388926742 0.132598433
-0.0977063927 0.388588513 0.132272405
-0.121599034 0.376915926 0.147174372
-0.138129177 0.364829337 0.166121581
-0.219831927 0.323199707 0.166121581
-0.222011426 0.319448254 0.172380238
-0.230281309 0.309065945 0.180790763
-0.307895650 0.231451603 0.180790763
-0.311354065 0.228696851 0.177989162
-0.311393271 0.228647534 0.177978333
-0.315523884 0.219033385 0.181949944
-0.380188417 0.0921220925 0.181949944
-0.386511228 0.0834747424 0.172038163
-0.393027794 0.0701359705 0.163718700
-0.399046461 0.0585068152 0.153635039
-0.412425842 -0.0259672700 0.153635039
-0.415549358 -0.0347783963 0.142725059
-0.420343697 -0.0527489790 0.124279018
-0.418611875 -0.0672780063 0.122904487
-0.412039857 -0.108772098 0.122904487
-0.409819600 -0.124930417 0.120764319
-0.410154613 -0.131297829 0.112281718
-0.393347135 -0.175915470 0.0982371232
-0.373577655 -0.214715259 0.0982371231
-0.355311385 -0.257230650 0.0806739903
-0.319620313 -0.302126785 0.0905320904
-0.310324126 -0.315555703 0.0825237663
-0.266310868 -0.359568960 0.0825237663
-0.263728712 -0.362810692 0.0798976966
-0.229528538 -0.389998798 0.0723881696
-0.212675546 -0.397239501 0.0793501504
-0.193132725 -0.407197066 0.0793501504
-0.170431317 -0.415748693 0.0864960255
-0.168628172 -0.415653823 0.0888981564
-0.122857102 -0.421943062 0.0949605307
-0.0410387659 -0.422439362 0.125047550
-0.107150950 -0.424430672 0.0949605307
-0.0666140996 -0.429262559 0.0987955558
-0.00241538201 -0.417835555 0.121393550
0.0676782224 -0.406733819 0.121393550
0.154268819 -0.380352322 0.141113884
0.113394059 -0.400452169 0.115338492
0.153729909 -0.380746365 0.140496174
0.232724277 -0.340377270 0.141113884
0.234268396 -0.339713856 0.140476008
0.241569683 -0.333909553 0.142079193
0.250609395 -0.322560772 0.151272640
0.299775276 -0.273394891 0.151272640
0.300117224 -0.273122517 0.150995634
0.300340946 -0.272841096 0.150933840
0.326511053 -0.158915801 0.226479520
0.304210979 -0.268428011 0.147091223
0.339663735 -0.198848060 0.147091223
0.359972198 -0.109702932 0.175502858
0.395002627 -0.0767693788 0.103524850
0.430829674 0.0385563638 -0.0276280827
0.430829674 0.0429549451 -0.0320266640
0.424176087 0.0934939544 -0.0320266640
0.422050044 0.108280062 -0.0306638674
0.419162252 0.118595021 -0.0190438713
0.419162252 0.0385563638 0.0609947854
0.415056046 0.132085889 -0.00660917869
0.397940685 0.173406026 -0.00660917869
0.383044038 0.206468920 0.00347310476
0.377428211 0.217490601 0.00347310476
0.353956905 0.252750050 0.0319437045
0.322493326 0.293754185 0.0319437045
0.303771551 0.315909815 0.0456154345
0.285140759 0.334540607 0.0456154345
0.270448579 0.346955676 0.0546816408
0.223305287 0.383129997 0.0546816408
0.221554474 0.384295468 0.0532679287
0.206905575 0.390895601 0.0577350014
0.165195867 0.408172327 0.0577350014
0.156886249 0.410701520 0.0500759277
0.131919701 0.414291374 0.0523770288
0.0623908496 0.423445021 0.0523770288
0.0581075700 0.423445021 0.0480937492
-0.0599006383 0.407908945 0.0480937492
-0.0844576741 0.404377974 0.0458303918
-0.0943384570 0.401611734 0.0346995032
-0.195125132 0.359864527 0.0346995032
-0.194773350 0.357806578 0.0531905928
-0.221230336 0.324782670 0.154251389
-0.205847349 0.353582053 0.0192499731
-0.277531881 0.298576577 0.0192499731
-0.277930687 0.298177771 0.0199870449
-0.275553816 0.295800900 0.0533545897
-0.349011631 0.205543281 0.0199870449
-0.356778883 0.192287013 0.0390878628
-0.359909836 0.185337907 0.0412069410
-0.407634070 0.0701214158 0.0412069410
-0.414520822 0.0455224927 0.0689180924
-0.415549358 0.0383692769 0.0695773855
-0.426379221 -0.0438916989 0.0695773855
-0.426379221 -0.0527489790 0.0784346657
-0.418611875 -0.111747827 0.0784346657
-0.416575527 -0.125910128 0.0771293636
-0.415666657 -0.129156537 0.0734722225
-0.388311786 -0.195197038 0.0734722225
-0.372912772 -0.229374927 0.0630499295
-0.361967672 -0.250855895 0.0630499295
-0.360481280 -0.253088807 0.0648529173
-0.305248321 -0.325069801 0.0648529173
-0.276888447 -0.354348795 0.0611934812
-0.272262148 -0.358258074 0.0640482641
-0.300237167 -0.331000075 0.0611934812
-0.227345211 -0.392724052 0.0640482641
-0.226447389 -0.393321709 0.0633233086
-0.221138440 -0.396026754 0.0633233086
-0.200776594 -0.405200882 0.0695325020
-0.168104788 -0.418521386 0.0713164558
-0.169688386 -0.418078039 0.0695325020
-0.127007165 -0.424430672 0.0751043158
-0.0666140996 -0.432381570 0.0751043158
0.0449500241 -0.417835555 0.0740281442
-0.0655379280 -0.432381570 0.0740281442
0.106197348 -0.409029013 0.0683831392
0.210336562 -0.365963634 0.0677916030
0.106722449 -0.408882005 0.0677916030
0.214877623 -0.363917637 0.0664068402
0.278078478 -0.314431981 0.0742701978
0.218116081 -0.362020126 0.0617405805
0.278971001 -0.315324504 0.0617405805
0.288610762 -0.305684742 0.0439244222
0.337923072 -0.241419689 0.0439244222
0.352416628 -0.219646941 0.0263437968
0.367541853 -0.161728796 0.100732824
0.395012086 -0.101835494 0.0783990155
0.358605226 -0.209084942 0.0111251221
0.366115060 -0.192416972 0.00604234888
0.408228723 -0.0907455960 0.00604234888
0.415014102 -0.0684523508 -0.0145055987
0.417799507 -0.0585031065 -0.0257136102
0.420786198 -0.0377314122 -0.0276280827
0.425624687 0.0429549451 -0.0715624631
0.424176087 0.0551078960 -0.0704127223
0.416287409 0.104915052 -0.0704127224
0.416700617 0.112768691 -0.0599501848
0.407166415 0.138078473 -0.0519832544
0.359306587 0.232008675 -0.0519832543
0.356589289 0.235107270 -0.0546813025
0.355562912 0.236398359 -0.0549647944
0.344791774 0.251957935 -0.0456858541
0.240141675 0.356608034 -0.0456858541
0.241306353 0.357926419 -0.0357996603
0.221312932 0.382882432 0.0405715128
0.219537122 0.361049878 -0.0770056329
0.160681925 0.391038098 -0.0770056329
0.165220150 0.397530967 -0.0314730498
0.158572007 0.405454042 0.0119031366
0.0949790698 0.387581229 -0.164534298
0.0521230273 0.394368960 -0.164534298
0.0521230273 0.396117801 -0.153492550
0.0581075700 0.405454042 -0.0885613004
-0.0961033896 0.396117801 -0.00526613264
0.000868741255 0.376199478 -0.227997608
-0.111398692 0.358418063 -0.227997608
-0.113825581 0.358545750 -0.224764532
-0.120098739 0.367520799 -0.161825146
-0.204463932 0.345488973 -0.0534680051
-0.203298707 0.312956916 -0.224764532
-0.220117356 0.309331221 -0.199199485
-0.227099572 0.317234912 -0.139931967
-0.272153686 0.293198382 -0.0562514694
-0.275899854 0.253548723 -0.199199485
-0.282697898 0.248133837 -0.193692510
-0.294847887 0.241075001 -0.173422331
-0.298323586 0.244145475 -0.147359057
-0.346947663 0.205190470 0.00144186581
-0.351624463 0.129644695 -0.173422331
-0.360125159 0.118018775 -0.160096448
-0.374216476 0.100771587 -0.132671874
-0.377106856 0.0951868491 -0.127829337
-0.406572862 0.0704623298 0.0334871861
-0.406572862 -0.0408995277 -0.0778746714
-0.394558237 -0.0149968353 -0.127829337
-0.403740660 -0.0408995277 -0.0957564960
-0.411240827 -0.0438916989 -0.0454101332
-0.411240827 -0.130578341 0.0412765084
-0.395197914 -0.144039727 -0.0465530713
-0.391233509 -0.119866567 -0.0957564960
-0.392402550 -0.142085893 -0.0661561390
-0.330695322 -0.275909626 -0.0326506944
-0.335447142 -0.253867174 -0.0661561389
-0.326041566 -0.282632265 -0.0286416541
-0.242310033 -0.371106397 -0.00975922316
-0.243324820 -0.372255110 -0.00114535625
-0.248885603 -0.359788228 -0.0286416541
-0.178903073 -0.407056448 0.00907696120
-0.177025674 -0.404370440 -0.00975922323
-0.169709094 -0.418013581 0.0690636004
-0.0655379280 -0.418013581 -0.0351075652
-0.145703626 -0.402722472 -0.0514861316
-0.0640283586 -0.415658564 -0.0514861315
-0.0340291762 -0.407655136 -0.0822790188
0.107116582 -0.407655136 0.0588667393
0.133009327 -0.376796869 -0.110071943
0.0200886489 -0.388470538 -0.149287977
0.129100672 -0.371204730 -0.149287977
0.216897216 -0.354889690 -0.00232784285
0.239487084 -0.326692763 -0.0886169622
0.146089077 -0.357324843 -0.176301064
0.220234078 -0.319546079 -0.176301064
0.231103601 -0.317202872 -0.159778937
0.285220071 -0.302294051 -0.00367557070
0.317287795 -0.242186254 -0.115315773
0.296403333 -0.251903140 -0.159778937
0.299996861 -0.249040766 -0.156867883
0.315108669 -0.240261188 -0.131656415
0.379423941 -0.114035358 -0.131656415
0.390562512 -0.0988017671 -0.114195342
0.398958004 -0.0816170167 -0.103477122
0.405640190 -0.0687058217 -0.0922818020
0.420183987 0.0231200990 -0.0922818019
0.420786198 0.0248188746 -0.0901783695
0.397024665 0.0231200990 -0.148193352
0.411399144 0.104652276 -0.0823145166
0.386429358 0.0197121768 -0.172469584
0.367085511 0.116960266 -0.172469584
0.365799551 0.118406731 -0.173770516
0.321010510 0.139783972 -0.226599159
0.299494201 0.154750737 -0.246542167
0.222689491 0.269697109 -0.246542168
0.224084604 0.271092222 -0.242511778
0.206265859 0.338619395 -0.146187769
0.159267765 0.266944159 -0.324697836
0.158608924 0.267196599 -0.325023038
0.0808415825 0.319159075 -0.325023037
0.0970860761 0.347236102 -0.257602288
0.0935036238 0.360134348 -0.231361104
0.0586679831 0.310533098 -0.353096654
0.00628968739 0.320951789 -0.353096654
-0.00311738264 0.328559277 -0.340743809
-0.00311738264 0.331409465 -0.334606074
0.000868741255 0.343802414 -0.306211039
-0.110968969 0.350424170 -0.247460887
-0.0503209140 0.319169911 -0.340743809
-0.0996967305 0.313177223 -0.332498740
-0.119206220 0.320766808 -0.307798108
-0.132561048 0.316126711 -0.302668486
-0.201934732 0.310651588 -0.231874833
-0.167838906 0.292554800 -0.302668486
-0.211082167 0.275985825 -0.281323745
-0.217212877 0.269855115 -0.281323745
-0.219333744 0.268475116 -0.279888106
-0.289364194 0.163667141 -0.279888106
-0.290398448 0.160690418 -0.281031472
-0.303324290 0.143059936 -0.271687924
-0.337098679 -0.0125876363 -0.265627768
-0.309551535 0.0917515163 -0.280255710
-0.330305883 -0.0125876363 -0.280255710
-0.344588933 -0.0149968353 -0.248465910
-0.362808526 -0.118338541 -0.164964752
-0.322542424 -0.129522341 -0.246885212
-0.315050145 -0.0314521795 -0.305027586
-0.298822833 -0.113032385 -0.305027586
-0.300211664 -0.116602459 -0.300507576
-0.313742368 -0.241025285 -0.133099981
-0.258256616 -0.255666597 -0.212247526
-0.236051178 -0.212625411 -0.300507576
-0.235800069 -0.213280780 -0.300184088
-0.236704394 -0.234114376 -0.274510495
-0.236365389 -0.338627134 -0.0939086261
-0.153682392 -0.345152657 -0.178284013
-0.130497386 -0.305079630 -0.274510494
-0.144404553 -0.378556549 -0.110324562
0.0200886489 -0.349555680 -0.243236755
-0.123226791 -0.302251221 -0.283715672
-0.103734185 -0.304617017 -0.286970663
0.0262280593 -0.330468115 -0.286970663
0.0282256433 -0.329314500 -0.288991913
0.145696672 -0.350025155 -0.194074117
0.0461622339 -0.314809196 -0.312545253
0.122772333 -0.299570500 -0.312545253
0.144203246 -0.296969454 -0.308966591
0.153522811 -0.300594953 -0.297167248
0.157511141 -0.307488393 -0.280614181
0.210620069 -0.303296920 -0.226418198
0.188127754 -0.277472669 -0.297167248
0.200322694 -0.272800088 -0.291147863
0.218459684 -0.273587361 -0.268797343
0.221347021 -0.271708638 -0.266842871
0.268518319 -0.201111802 -0.266842870
0.305827746 -0.175159328 -0.232261557
0.322609037 -0.152270121 -0.220131066
0.349117698 -0.122452834 -0.193313772
0.373915563 0.00221445647 -0.193313772
0.382341264 0.0126332895 -0.179632336
0.282407793 0.00221445647 -0.312569021
0.279646658 0.00141218580 -0.315959431
0.237932141 0.0317788617 -0.354211635
0.201897853 0.166260656 -0.354211635
0.183041397 0.179905413 -0.365875277
0.159267764 0.205321057 -0.374008590
0.138446257 0.212422886 -0.384987066
0.0836725440 0.267196598 -0.384987066
0.0797646660 0.268443389 -0.386621012
0.0673782835 0.280029532 -0.382657220
0.0608470339 0.289055433 -0.377074258
0.0584473386 0.309403230 -0.354626324
0.0485331591 0.292354926 -0.377074258
0.0333286285 0.302354790 -0.370323494
0.0143734967 0.311540135 -0.363266613
0.00628968739 0.318551941 -0.356224196
-0.0338169034 0.314538801 -0.351057486
-0.0393554031 0.313054764 -0.351057486
-0.100409241 0.307135613 -0.339163918
-0.102366830 0.305304497 -0.339790370
-0.142328851 0.292554799 -0.323081611
-0.215120957 0.219762693 -0.323081611
-0.217212877 0.219049178 -0.321978613
-0.269495377 0.163155599 -0.304091991
-0.292440179 0.0307713259 -0.318363415
-0.276597932 0.0898953945 -0.318363415
-0.298666379 -0.0314521795 -0.326379325
-0.280727644 -0.0521334867 -0.344396374
-0.297757830 -0.112824407 -0.306469439
-0.280453586 -0.0523329913 -0.344647685
-0.266200024 -0.105528008 -0.344647685
-0.265119464 -0.116673578 -0.342476477
-0.236784392 -0.146965713 -0.352170327
-0.236051178 -0.149263863 -0.351209434
-0.172034262 -0.213280779 -0.351209434
-0.161516829 -0.216636317 -0.355606940
-0.129827944 -0.246277901 -0.345466113
-0.0874147519 -0.250389847 -0.353728398
0.00309196347 -0.274641048 -0.353728398
0.0272116829 -0.277054512 -0.356835608
0.0299742293 -0.278393197 -0.355807128
0.0461622339 -0.292434492 -0.341704535
0.0838885932 -0.288659522 -0.336844457
0.103722272 -0.283345104 -0.336844457
0.144574195 -0.279384522 -0.328886315
0.146166692 -0.280320752 -0.327333640
0.155093581 -0.277472669 -0.323601165
0.193093016 -0.239473235 -0.323601165
0.200322694 -0.237007326 -0.319789201
0.229606610 -0.205700812 -0.309770737
0.232659349 -0.174212942 -0.315904719
0.279604161 0.000987483072 -0.315904719
0.205500576 0.0317788617 -0.379097250
0.163508920 0.0710914311 -0.403235734
0.160006572 0.107431763 -0.398451439
0.126744337 0.187733902 -0.398451439
0.124757165 0.212422886 -0.393392365
0.0856159673 0.251564084 -0.393392365
0.0797646660 0.264521280 -0.389029244
0.0653901108 0.270475415 -0.389029244
0.0617476372 0.278239903 -0.385188138
-0.0231975006 0.307919181 -0.358320297
-0.102366830 0.288830257 -0.349905791
-0.0613028678 0.292135421 -0.358320297
-0.171434393 0.219762693 -0.349905791
-0.253721718 0.0179207758 -0.350715268
-0.171752350 0.215812334 -0.350715268
-0.260492517 -0.0523329913 -0.359964352
-0.260300564 -0.0525126979 -0.360074694
-0.257752613 -0.0789502195 -0.356594128
-0.229579673 -0.146965713 -0.356594128
-0.221112707 -0.150789285 -0.359445239
-0.161516829 -0.210385163 -0.359445239
-0.124787018 -0.213341479 -0.366971625
-0.0579519495 -0.241025471 -0.366971625
-0.00141775224 -0.246474029 -0.374414493
0.0746081326 -0.274091546 -0.349930963
0.138828344 -0.247490663 -0.349930963
0.144574195 -0.247028190 -0.348753568
0.152129151 -0.239473235 -0.348753568
0.159264779 -0.150818898 -0.366919922
0.196586153 -0.0607171307 -0.366919922
0.143697364 0.0710914311 -0.411441949
0.134894221 0.0792946549 -0.413680880
0.122049366 0.170212030 -0.403402438
0.0764802551 0.215781140 -0.403402438
0.0705611296 0.238790146 -0.399593977
0.0705611296 0.247530152 -0.397646276
0.0653901108 0.258188140 -0.394118800
-0.125401270 0.0428277462 -0.399593977
-0.185948025 -0.0482278259 -0.390137356
-0.194779575 -0.0525126979 -0.387214376
-0.131036397 0.00294166546 -0.404103201
-0.0428021505 -0.191373700 -0.390137356
-0.00141775224 -0.209911835 -0.389559050
-0.00802843862 -0.196286549 -0.394068614
0.000127265738 -0.164583446 -0.399316125
0.128543856 -0.0361668553 -0.399316125
0.0764802551 0.0792946549 -0.421371225
0.000127265738 0.00294166546 -0.421371225
