0.000000 0.000000 0.000000
0.010000 0.000000 0.000000
0.020000 0.000000 0.000000
0.030000 0.000000 0.000000
0.040000 0.000000 0.000000
0.050000 0.000000 0.000000
0.060000 0.000000 0.000000
0.070000 0.000000 0.000000
0.080000 0.000000 0.000000
0.090000 0.000000 0.000000
0.100000 0.000000 0.000000
0.110000 0.000000 0.000000
0.120000 0.000000 0.000000
0.130000 0.000000 0.000000
0.140000 0.000000 0.000000
0.150000 0.000000 0.000000
0.160000 0.000000 0.000000
0.170000 0.000000 0.000000
0.180000 0.000000 0.000000
0.190000 0.000000 0.000000
0.200000 0.000000 0.000000
0.210000 0.000000 0.000000
0.220000 0.000000 0.000000
0.230000 0.000000 0.000000
0.240000 0.000000 0.000000
0.250000 0.000000 0.000000
0.260000 0.000000 0.000000
0.270000 0.000000 0.000000
0.280000 0.000000 0.000000
0.290000 0.000000 0.000000
0.300000 0.000000 0.000000
0.310000 0.000000 0.000000
0.320000 0.000000 0.000000
0.330000 0.000000 0.000000
0.340000 0.000000 0.000000
0.350000 0.000000 0.000000
0.360000 0.000000 0.000000
0.370000 0.000000 0.000000
0.380000 0.000000 0.000000
0.390000 0.000000 0.000000
0.400000 0.000000 0.000000
0.410000 0.000000 0.000000
0.420000 0.000000 0.000000
0.430000 0.000000 0.000000
0.440000 0.000000 0.000000
0.450000 0.000000 0.000000
0.460000 0.000000 0.000000
0.470000 0.000000 0.000000
0.480000 0.000000 0.000000
0.490000 0.000000 0.000000
0.500000 0.000000 0.000000
0.510000 0.000000 0.000000
0.520000 0.000000 0.000000
0.530000 0.000000 0.000000
0.540000 0.000000 0.000000
0.550000 0.000000 0.000000
0.560000 0.000000 0.000000
0.570000 0.000000 0.000000
0.580000 0.000000 0.000000
0.590000 0.000000 0.000000
0.600000 0.000000 0.000000
0.610000 0.000000 0.000000
0.620000 0.000000 0.000000
0.630000 0.000000 0.000000
0.640000 0.000000 0.000000
0.650000 0.000000 0.000000
0.660000 0.000000 0.000000
0.670000 0.000000 0.000000
0.680000 0.000000 0.000000
0.690000 0.000000 0.000000
0.700000 0.000000 0.000000
0.710000 0.000000 0.000000
0.720000 0.000000 0.000000
0.730000 0.000000 0.000000
0.740000 0.000000 0.000000
0.750000 0.000000 0.000000
0.760000 0.000000 0.000000
0.770000 0.000000 0.000000
0.780000 0.000000 0.000000
0.790000 0.000000 0.000000
0.800000 0.000000 0.000000
0.810000 0.000000 0.000000
0.820000 0.000000 0.000000
0.830000 0.000000 0.000000
0.840000 0.000000 0.000000
0.850000 0.000000 0.000000
0.860000 0.000000 0.000000
0.870000 0.000000 0.000000
0.880000 0.000000 0.000000
0.890000 0.000000 0.000000
0.900000 0.000000 0.000000
0.910000 0.000000 0.000000
0.920000 0.000000 0.000000
0.930000 0.000000 0.000000
0.940000 0.000000 0.000000
0.950000 0.000000 0.000000
0.960000 0.000000 0.000000
0.970000 0.000000 0.000000
0.980000 0.000000 0.000000
0.990000 0.000000 0.000000
1.000000 0.000000 0.000000
1.010000 0.000000 0.000000
1.020000 0.000000 0.000000
1.030000 0.000000 0.000000
1.040000 0.000000 0.000000
1.050000 0.000000 0.000000
1.060000 0.000000 0.000000
1.070000 0.000000 0.000000
1.080000 0.000000 0.000000
1.090000 0.000000 0.000000
1.100000 0.000000 0.000000
1.110000 0.000000 0.000000
1.120000 0.000000 0.000000
1.130000 0.000000 0.000000
1.140000 0.000000 0.000000
1.150000 0.000000 0.000000
1.160000 0.000000 0.000000
1.170000 0.000000 0.000000
1.180000 0.000000 0.000000
1.190000 0.000000 0.000000
1.200000 0.000000 0.000000
1.210000 0.000000 0.000000
1.220000 0.000000 0.000000
1.230000 0.000000 0.000000
1.240000 0.000000 0.000000
1.250000 0.000000 0.000000
1.260000 0.000000 0.000000
1.270000 0.000000 0.000000
1.280000 0.000000 0.000000
1.290000 0.000000 0.000000
1.300000 0.000000 0.000000
1.310000 0.000000 0.000000
1.320000 0.000000 0.000000
1.330000 0.000000 0.000000
1.340000 0.000000 0.000000
1.350000 0.000000 0.000000
1.360000 0.000000 0.000000
1.370000 0.000000 0.000000
1.380000 0.000000 0.000000
1.390000 0.000000 0.000000
1.400000 0.000000 0.000000
1.410000 0.000000 0.000000
1.420000 0.000000 0.000000
1.430000 0.000000 0.000000
1.440000 0.000000 0.000000
1.450000 0.000000 0.000000
1.460000 0.000000 0.000000
1.470000 0.000000 0.000000
1.480000 0.000000 0.000000
1.490000 0.000000 0.000000
1.500000 0.000000 0.000000
1.510000 0.000000 0.000000
1.520000 0.000000 0.000000
1.530000 0.000000 0.000000
1.540000 0.000000 0.000000
1.550000 0.000000 0.000000
1.560000 0.000000 0.000000
1.570000 0.000000 0.000000
1.580000 0.000000 0.000000
1.590000 0.000000 0.000000
1.600000 0.000000 0.000000
1.610000 0.000000 0.000000
1.620000 0.000000 0.000000
1.630000 0.000000 0.000000
1.640000 0.000000 0.000000
1.650000 0.000000 0.000000
1.660000 0.000000 0.000000
1.670000 0.000000 0.000000
1.680000 0.000000 0.000000
1.690000 0.000000 0.000000
1.700000 0.000000 0.000000
1.710000 0.000000 0.000000
1.720000 0.000000 0.000000
1.730000 0.000000 0.000000
1.740000 0.000000 0.000000
1.750000 0.000000 0.000000
1.760000 0.000000 0.000000
1.770000 0.000000 0.000000
1.780000 0.000000 0.000000
1.790000 0.000000 0.000000
1.800000 0.000000 0.000000
1.810000 0.000000 0.000000
1.820000 0.000000 0.000000
1.830000 0.000000 0.000000
1.840000 0.000000 0.000000
1.850000 0.000000 0.000000
1.860000 0.000000 0.000000
1.870000 0.000000 0.000000
1.880000 0.000000 0.000000
1.890000 0.000000 0.000000
1.900000 0.000000 0.000000
1.910000 0.000000 0.000000
1.920000 0.000000 0.000000
1.930000 0.000000 0.000000
1.940000 0.000000 0.000000
1.950000 0.000000 0.000000
1.960000 0.000000 0.000000
1.970000 0.000000 0.000000
1.980000 0.000000 0.000000
1.990000 0.000000 0.000000
2.000000 0.000000 0.000000
2.010000 0.000000 0.000000
2.020000 0.000000 0.000000
2.030000 0.000000 0.000000
2.040000 0.000000 0.000000
2.050000 0.000000 0.000000
2.060000 0.000000 0.000000
2.070000 0.000000 0.000000
2.080000 0.000000 0.000000
2.090000 0.000000 0.000000
2.100000 0.000000 0.000000
2.110000 0.000000 0.000000
2.120000 0.000000 0.000000
2.130000 0.000000 0.000000
2.140000 0.000000 0.000000
2.150000 0.000000 0.000000
2.160000 0.000000 0.000000
2.170000 0.000000 0.000000
2.180000 0.000000 0.000000
2.190000 0.000000 0.000000
2.200000 0.000000 0.000000
2.210000 0.000000 0.000000
2.220000 0.000000 0.000000
2.230000 0.000000 0.000000
2.240000 0.000000 0.000000
2.250000 0.000000 0.000000
2.260000 0.000000 0.000000
2.270000 0.000000 0.000000
2.280000 0.000000 0.000000
2.290000 0.000000 0.000000
2.300000 0.000000 0.000000
2.310000 0.000000 0.000000
2.320000 0.000000 0.000000
2.330000 0.000000 0.000000
2.340000 0.000000 0.000000
2.350000 0.000000 0.000000
2.360000 0.000000 0.000000
2.370000 0.000000 0.000000
2.380000 0.000000 0.000000
2.390000 0.000000 0.000000
2.400000 0.000000 0.000000
2.410000 0.000000 0.000000
2.420000 0.000000 0.000000
2.430000 0.000000 0.000000
2.440000 0.000000 0.000000
2.450000 0.000000 0.000000
2.460000 0.000000 0.000000
2.470000 0.000000 0.000000
2.480000 0.000000 0.000000
2.490000 0.000000 0.000000
2.500000 0.000000 0.000000
2.510000 0.000000 0.000000
2.520000 0.000000 0.000000
2.530000 0.000000 0.000000
2.540000 0.000000 0.000000
2.550000 0.000000 0.000000
2.560000 0.000000 0.000000
2.570000 0.000000 0.000000
2.580000 0.000000 0.000000
2.590000 0.000000 0.000000
2.600000 0.000000 0.000000
2.610000 0.000000 0.000000
2.620000 0.000000 0.000000
2.630000 0.000000 0.000000
2.640000 0.000000 0.000000
2.650000 0.000000 0.000000
2.660000 0.000000 0.000000
2.670000 0.000000 0.000000
2.680000 0.000000 0.000000
2.690000 0.000000 0.000000
2.700000 0.000000 0.000000
2.710000 0.000000 0.000000
2.720000 0.000000 0.000000
2.730000 0.000000 0.000000
2.740000 0.000000 0.000000
2.750000 0.000000 0.000000
2.760000 0.000000 0.000000
2.770000 0.000000 0.000000
2.780000 0.000000 0.000000
2.790000 0.000000 0.000000
2.800000 0.000000 0.000000
2.810000 0.000000 0.000000
2.820000 0.000000 0.000000
2.830000 0.000000 0.000000
2.840000 0.000000 0.000000
2.850000 0.000000 0.000000
2.860000 0.000000 0.000000
2.870000 0.000000 0.000000
2.880000 0.000000 0.000000
2.890000 0.000000 0.000000
2.900000 0.000000 0.000000
2.910000 0.000000 0.000000
2.920000 0.000000 0.000000
2.930000 0.000000 0.000000
2.940000 0.000000 0.000000
2.950000 0.000000 0.000000
2.960000 0.000000 0.000000
2.970000 0.000000 0.000000
2.980000 0.000000 0.000000
2.990000 0.000000 0.000000
3.000000 0.000000 0.000000
3.010000 0.000000 0.000000
3.020000 0.000000 0.000000
3.030000 0.000000 0.000000
3.040000 0.000000 0.000000
3.050000 0.000000 0.000000
3.060000 0.000000 0.000000
3.070000 0.000000 0.000000
3.080000 0.000000 0.000000
3.090000 0.000000 0.000000
3.100000 0.000000 0.000000
3.110000 0.000000 0.000000
3.120000 0.000000 0.000000
3.130000 0.000000 0.000000
3.140000 0.000000 0.000000
3.150000 0.000000 0.000000
3.160000 0.000000 0.000000
3.170000 0.000000 0.000000
3.180000 0.000000 0.000000
3.190000 0.000000 0.000000
3.200000 0.000000 0.000000
3.210000 0.000000 0.000000
3.220000 0.000000 0.000000
3.230000 0.000000 0.000000
3.240000 0.000000 0.000000
3.250000 0.000000 0.000000
3.260000 0.000000 0.000000
3.270000 0.000000 0.000000
3.280000 0.000000 0.000000
3.290000 0.000000 0.000000
3.300000 0.000000 0.000000
3.310000 0.000000 0.000000
3.320000 0.000000 0.000000
3.330000 0.000000 0.000000
3.340000 0.000000 0.000000
3.350000 0.000000 0.000000
3.360000 0.000000 0.000000
3.370000 0.000000 0.000000
3.380000 0.000000 0.000000
3.390000 0.000000 0.000000
3.400000 0.000000 0.000000
3.410000 0.000000 0.000000
3.420000 0.000000 0.000000
3.430000 0.000000 0.000000
3.440000 0.000000 0.000000
3.450000 0.000000 0.000000
3.460000 0.000000 0.000000
3.470000 0.000000 0.000000
3.480000 0.000000 0.000000
3.490000 0.000000 0.000000
3.500000 0.000000 0.000000
3.510000 0.000000 0.000000
3.520000 0.000000 0.000000
3.530000 0.000000 0.000000
3.540000 0.000000 0.000000
3.550000 0.000000 0.000000
3.560000 0.000000 0.000000
3.570000 0.000000 0.000000
3.580000 0.000000 0.000000
3.590000 0.000000 0.000000
3.600000 0.000000 0.000000
3.610000 0.000000 0.000000
3.620000 0.000000 0.000000
3.630000 0.000000 0.000000
3.640000 0.000000 0.000000
3.650000 0.000000 0.000000
3.660000 0.000000 0.000000
3.670000 0.000000 0.000000
3.680000 0.000000 0.000000
3.690000 0.000000 0.000000
3.700000 0.000000 0.000000
3.710000 0.000000 0.000000
3.720000 0.000000 0.000000
3.730000 0.000000 0.000000
3.740000 0.000000 0.000000
3.750000 0.000000 0.000000
3.760000 0.000000 0.000000
3.770000 0.000000 0.000000
3.780000 0.000000 0.000000
3.790000 0.000000 0.000000
3.800000 0.000000 0.000000
3.810000 0.000000 0.000000
3.820000 0.000000 0.000000
3.830000 0.000000 0.000000
3.840000 0.000000 0.000000
3.850000 0.000000 0.000000
3.860000 0.000000 0.000000
3.870000 0.000000 0.000000
3.880000 0.000000 0.000000
3.890000 0.000000 0.000000
3.900000 0.000000 0.000000
3.910000 0.000000 0.000000
3.920000 0.000000 0.000000
3.930000 0.000000 0.000000
3.940000 0.000000 0.000000
3.950000 0.000000 0.000000
3.960000 0.000000 0.000000
3.970000 0.000000 0.000000
3.980000 0.000000 0.000000
3.990000 0.000000 0.000000
4.000000 0.000000 0.000000
4.010000 0.000000 0.000000
4.020000 0.000000 0.000000
4.030000 0.000000 0.000000
4.040000 0.000000 0.000000
4.050000 0.000000 0.000000
4.060000 0.000000 0.000000
4.070000 0.000000 0.000000
4.080000 0.000000 0.000000
4.090000 0.000000 0.000000
4.100000 0.000000 0.000000
4.110000 0.000000 0.000000
4.120000 0.000000 0.000000
4.130000 0.000000 0.000000
4.140000 0.000000 0.000000
4.150000 0.000000 0.000000
4.160000 0.000000 0.000000
4.170000 0.000000 0.000000
4.180000 0.000000 0.000000
4.190000 0.000000 0.000000
4.200000 0.000000 0.000000
4.210000 0.000000 0.000000
4.220000 0.000000 0.000000
4.230000 0.000000 0.000000
4.240000 0.000000 0.000000
4.250000 0.000000 0.000000
4.260000 0.000000 0.000000
4.270000 0.000000 0.000000
4.280000 0.000000 0.000000
4.290000 0.000000 0.000000
4.300000 0.000000 0.000000
4.310000 0.000000 0.000000
4.320000 0.000000 0.000000
4.330000 0.000000 0.000000
4.340000 0.000000 0.000000
4.350000 0.000000 0.000000
4.360000 0.000000 0.000000
4.370000 0.000000 0.000000
4.380000 0.000000 0.000000
4.390000 0.000000 0.000000
4.400000 0.000000 0.000000
4.410000 0.000000 0.000000
4.420000 0.000000 0.000000
4.430000 0.000000 0.000000
4.440000 0.000000 0.000000
4.450000 0.000000 0.000000
4.460000 0.000000 0.000000
4.470000 0.000000 0.000000
4.480000 0.000000 0.000000
4.490000 0.000000 0.000000
4.500000 0.000000 0.000000
4.510000 0.000000 0.000000
4.520000 0.000000 0.000000
4.530000 0.000000 0.000000
4.540000 0.000000 0.000000
4.550000 0.000000 0.000000
4.560000 0.000000 0.000000
4.570000 0.000000 0.000000
4.580000 0.000000 0.000000
4.590000 0.000000 0.000000
4.600000 0.000000 0.000000
4.610000 0.000000 0.000000
4.620000 0.000000 0.000000
4.630000 0.000000 0.000000
4.640000 0.000000 0.000000
4.650000 0.000000 0.000000
4.660000 0.000000 0.000000
4.670000 0.000000 0.000000
4.680000 0.000000 0.000000
4.690000 0.000000 0.000000
4.700000 0.000000 0.000000
4.710000 0.000000 0.000000
4.720000 0.000000 0.000000
4.730000 0.000000 0.000000
4.740000 0.000000 0.000000
4.750000 0.000000 0.000000
4.760000 0.000000 0.000000
4.770000 0.000000 0.000000
4.780000 0.000000 0.000000
4.790000 0.000000 0.000000
4.800000 0.000000 0.000000
4.810000 0.000000 0.000000
4.820000 0.000000 0.000000
4.830000 0.000000 0.000000
4.840000 0.000000 0.000000
4.850000 0.000000 0.000000
4.860000 0.000000 0.000000
4.870000 0.000000 0.000000
4.880000 0.000000 0.000000
4.890000 0.000000 0.000000
4.900000 0.000000 0.000000
4.910000 0.000000 0.000000
4.920000 0.000000 0.000000
4.930000 0.000000 0.000000
4.940000 0.000000 0.000000
4.950000 0.000000 0.000000
4.960000 0.000000 0.000000
4.970000 0.000000 0.000000
4.980000 0.000000 0.000000
4.990000 0.000000 0.000000
5.000000 -0.000000 0.000205
5.010000 -0.000000 0.000132
5.020000 -0.000001 0.000127
5.030000 0.000000 0.000099
5.040000 0.000000 0.000078
5.050000 -0.000000 0.000086
5.060000 -0.000000 0.000136
5.070000 0.000000 0.000099
5.080000 -0.000000 0.000075
5.090000 -0.000000 0.000048
5.100000 0.000000 0.000112
5.110000 0.000000 0.000079
5.120000 -0.000000 0.000095
5.130000 -0.000000 0.000101
5.140000 0.000000 0.000069
5.150000 -0.000000 0.000078
5.160000 0.000000 0.000093
5.170000 -0.000000 0.000102
5.180000 -0.000000 0.000116
5.190000 -0.000000 0.000086
5.200000 0.000000 0.000066
5.210000 0.000000 0.000093
5.220000 0.000000 0.000047
5.230000 0.000000 0.000065
5.240000 -0.000000 0.000101
5.250000 0.000000 0.000168
5.260000 0.000000 0.000110
5.270000 0.000000 0.000081
5.280000 -0.000000 0.000101
5.290000 0.000000 0.000096
5.300000 -0.000000 0.000122
5.310000 0.000000 0.000119
5.320000 0.000000 0.000089
5.330000 0.000000 0.000076
5.340000 0.000000 0.000090
5.350000 -0.000000 0.000076
5.360000 -0.000000 0.000063
5.370000 0.000000 0.000070
5.380000 0.000000 0.000080
5.390000 0.000000 0.000085
5.400000 -0.000000 0.000051
5.410000 0.000000 0.000084
5.420000 -0.000000 0.000127
5.430000 0.000000 0.000039
5.440000 0.000000 0.000116
5.450000 -0.000000 0.000130
5.460000 0.000000 0.000078
5.470000 0.000000 0.000045
5.480000 -0.000000 0.000107
5.490000 0.000001 0.000056
5.500000 0.000000 0.000068
5.510000 0.000000 0.000131
5.520000 0.000000 0.000079
5.530000 -0.000000 0.000090
5.540000 0.000001 0.000155
5.550000 0.000000 0.000077
5.560000 -0.000000 0.000116
5.570000 0.000000 0.000120
5.580000 0.000000 0.000151
5.590000 0.000000 0.000110
5.600000 0.000001 0.000086
5.610000 0.000001 0.000120
5.620000 -0.000000 0.000092
5.630000 0.000001 0.000154
5.640000 0.000002 0.000071
5.650000 0.000001 0.000063
5.660000 0.000001 0.000113
5.670000 0.000001 0.000079
5.680000 0.000002 0.000108
5.690000 0.000001 0.000098
5.700000 0.000001 0.000076
5.710000 0.000002 0.000121
5.720000 0.000001 0.000172
5.730000 -0.000002 0.000109
5.740000 0.000001 0.000116
5.750000 0.000001 0.000126
5.760000 0.000002 0.000094
5.770000 0.000000 0.000161
5.780000 -0.000001 0.000064
5.790000 0.000003 0.000088
5.800000 -0.000000 0.000095
5.810000 -0.000001 0.000053
5.820000 0.000004 0.000198
5.830000 -0.000004 0.000139
5.840000 -0.000000 0.000125
5.850000 -0.000002 0.000113
5.860000 0.000004 0.000246
5.870000 0.000002 0.000131
5.880000 0.000003 0.000202
5.890000 -0.000003 0.000174
5.900000 0.000003 0.000121
5.910000 -0.000002 0.000115
5.920000 -0.000003 0.000195
5.930000 0.000000 0.000156
5.940000 0.000005 0.000224
5.950000 0.000002 0.000105
5.960000 -0.000000 0.000089
5.970000 0.000004 0.000116
5.980000 -0.000001 0.000133
5.990000 0.000002 0.000114
6.000000 -0.000004 0.000067
6.010000 -0.000000 0.000150
6.020000 0.000008 0.000245
6.030000 0.000002 0.000139
6.040000 0.000001 0.000164
6.050000 0.000000 0.000208
6.060000 0.000011 0.000172
6.070000 0.000007 0.000145
6.080000 -0.000002 0.000148
6.090000 0.000002 0.000105
6.100000 -0.000001 0.000158
6.110000 0.000000 0.000164
6.120000 0.000002 0.000230
6.130000 0.000002 0.000223
6.140000 0.000000 0.000108
6.150000 -0.000001 0.000189
6.160000 -0.000007 0.000190
6.170000 0.000002 0.000174
6.180000 -0.000003 0.000259
6.190000 -0.000002 0.000167
6.200000 0.000001 0.000138
6.210000 0.000011 0.000173
6.220000 0.000011 0.000129
6.230000 0.000006 0.000195
6.240000 -0.000004 0.000167
6.250000 0.000001 0.000088
6.260000 0.000007 0.000168
6.270000 0.000001 0.000074
6.280000 0.000007 0.000079
6.290000 -0.000014 0.000127
6.300000 -0.000010 0.000096
6.310000 0.000006 0.000073
6.320000 0.000005 0.000100
6.330000 0.000003 0.000094
6.340000 -0.000002 0.000147
6.350000 -0.000013 0.000133
6.360000 -0.000005 0.000231
6.370000 -0.000007 0.000133
6.380000 -0.000009 0.000149
6.390000 -0.000012 0.000091
6.400000 -0.000009 0.000194
6.410000 -0.000001 0.000194
6.420000 0.000017 0.000178
6.430000 0.000006 0.000212
6.440000 -0.000006 0.000159
6.450000 0.000012 0.000182
6.460000 0.000019 0.000111
6.470000 0.000008 0.000096
6.480000 -0.000003 0.000188
6.490000 -0.000021 0.000400
6.500000 0.000038 0.000216
6.510000 0.000008 0.000301
6.520000 -0.000012 0.000323
6.530000 -0.000034 0.000203
6.540000 0.000025 0.000264
6.550000 0.000023 0.000167
6.560000 -0.000004 0.000234
6.570000 0.000061 0.000277
6.580000 0.000022 0.000196
6.590000 0.000036 0.000209
6.600000 0.000042 0.000155
6.610000 0.000009 0.000152
6.620000 0.000006 0.000153
6.630000 0.000016 0.000227
6.640000 -0.000008 0.000196
6.650000 -0.000005 0.000353
6.660000 -0.000016 0.000208
6.670000 -0.000003 0.000145
6.680000 -0.000010 0.000213
6.690000 0.000031 0.000204
6.700000 -0.000016 0.000170
6.710000 0.000038 0.000224
6.720000 -0.000026 0.000393
6.730000 0.000002 0.000144
6.740000 0.000001 0.000089
6.750000 0.000065 0.000072
6.760000 -0.000013 0.000135
6.770000 -0.000008 0.000107
6.780000 0.000002 0.000171
6.790000 0.000012 0.000236
6.800000 0.000045 0.000141
6.810000 0.000026 0.000157
6.820000 0.000010 0.000099
6.830000 0.000049 0.000171
6.840000 0.000023 0.000234
6.850000 0.000044 0.000228
6.860000 0.000060 0.000427
6.870000 0.000043 0.000233
6.880000 -0.000006 0.000164
6.890000 -0.000034 0.000254
6.900000 -0.000103 0.000362
6.910000 0.000071 0.000143
6.920000 0.000008 0.000190
6.930000 0.000051 0.000136
6.940000 0.000040 0.000138
6.950000 0.000057 0.000228
6.960000 0.000072 0.000095
6.970000 0.000082 0.000044
6.980000 -0.000020 0.000154
6.990000 -0.000030 0.000159
7.000000 0.000020 0.000113
7.010000 0.000003 0.000096
7.020000 0.000009 0.000136
7.030000 0.000042 0.000188
7.040000 0.000020 0.000210
7.050000 -0.000006 0.000140
7.060000 0.000064 0.000216
7.070000 0.000034 0.000187
7.080000 0.000011 0.000097
7.090000 0.000045 0.000140
7.100000 0.000083 0.000074
7.110000 0.000092 0.000172
7.120000 0.000104 0.000178
7.130000 0.000079 0.000168
7.140000 -0.000012 0.000309
7.150000 -0.000050 0.000537
7.160000 0.000033 0.000136
7.170000 -0.000005 0.000162
7.180000 0.000059 0.000263
7.190000 0.000007 0.000136
7.200000 0.000009 0.000178
7.210000 0.000000 0.000156
7.220000 0.000021 0.000193
7.230000 0.000012 0.000276
7.240000 0.000155 0.000224
7.250000 0.000084 0.000101
7.260000 -0.000029 0.000145
7.270000 0.000102 0.000172
7.280000 0.000117 0.000243
7.290000 0.000033 0.000277
7.300000 0.000024 0.000344
7.310000 -0.000013 0.000349
7.320000 0.000152 0.000143
7.330000 0.000083 0.000137
7.340000 0.000068 0.000251
7.350000 0.000047 0.000172
7.360000 0.000121 0.000229
7.370000 0.000010 0.000268
7.380000 -0.000055 0.000144
7.390000 -0.000020 0.000248
7.400000 0.000075 0.000215
7.410000 0.000196 0.000134
7.420000 0.000223 0.000176
7.430000 -0.000016 0.000132
7.440000 0.000111 0.000126
7.450000 0.000011 0.000137
7.460000 0.000014 0.000150
7.470000 0.000049 0.000192
7.480000 0.000077 0.000224
7.490000 0.000041 0.000158
7.500000 -0.000078 0.000275
7.510000 -0.000072 0.000143
7.520000 -0.000072 0.000311
7.530000 0.000047 0.000270
7.540000 -0.000065 0.000424
7.550000 0.000006 0.000366
7.560000 0.000196 0.000309
7.570000 0.000164 0.000298
7.580000 0.000131 0.000267
7.590000 0.000072 0.000218
7.600000 0.000128 0.000148
7.610000 0.000128 0.000240
7.620000 0.000205 0.000205
7.630000 0.000381 0.000147
7.640000 0.000342 0.000152
7.650000 0.000402 0.000214
7.660000 0.000326 0.000252
7.670000 0.000359 0.000188
7.680000 0.000448 0.000294
7.690000 0.000530 0.000268
7.700000 0.000475 0.000151
7.710000 0.000411 0.000156
7.720000 0.000418 0.000240
7.730000 0.000609 0.000215
7.740000 0.000768 0.000169
7.750000 0.000852 0.000305
7.760000 0.000867 0.000325
7.770000 0.001086 0.000464
7.780000 0.001510 0.000436
7.790000 0.001740 0.000453
7.800000 0.002004 0.000418
7.810000 0.002356 0.000285
7.820000 0.002657 0.000533
7.830000 0.003076 0.000874
7.840000 0.003568 0.000954
7.850000 0.004363 0.001022
7.860000 0.004756 0.001084
7.870000 0.005877 0.001440
7.880000 0.007226 0.001693
7.890000 0.008722 0.001877
7.900000 0.010505 0.002232
7.910000 0.013019 0.003016
7.920000 0.015530 0.003863
7.930000 0.019482 0.005230
7.940000 0.024092 0.006711
7.950000 0.029070 0.007681
7.960000 0.035356 0.009061
7.970000 0.045006 0.011618
7.980000 0.054772 0.013961
7.990000 0.066564 0.016504
8.000000 0.079096 0.019056
8.010000 0.094147 0.021489
8.020000 0.118599 0.025249
8.030000 0.142442 0.028147
8.040000 0.163463 0.030101
8.050000 0.181238 0.030922
8.060000 0.205460 0.032467
8.070000 0.237147 0.034001
8.080000 0.266512 0.034878
8.090000 0.294954 0.035284
8.100000 0.323901 0.034835
8.110000 0.355724 0.034872
8.120000 0.392407 0.035344
8.130000 0.423608 0.034526
8.140000 0.467069 0.034396
8.150000 0.500645 0.032868
8.160000 0.530111 0.031001
8.170000 0.556219 0.029079
8.180000 0.580582 0.026828
8.190000 0.601839 0.024199
8.200000 0.636970 0.022811
8.210000 0.656928 0.020348
8.220000 0.687478 0.018922
8.230000 0.702564 0.018395
8.240000 0.716027 0.019013
8.250000 0.728668 0.015981
8.260000 0.740575 0.012928
8.270000 0.752340 0.010389
8.280000 0.760330 0.018850
8.290000 0.748168 0.008297
8.300000 0.769415 0.021533
8.310000 0.798603 0.006543
8.320000 0.805953 0.006278
8.330000 0.809335 0.007742
8.340000 0.811531 0.009978
8.350000 0.811823 0.009275
8.360000 0.811370 0.008840
8.370000 0.810054 0.008638
8.380000 0.807195 0.009002
8.390000 0.803910 0.009543
8.400000 0.800532 0.008921
8.410000 0.797360 0.008362
8.420000 0.795911 0.008509
8.430000 0.795688 0.009845
8.440000 0.796854 0.008553
8.450000 0.798370 0.007437
8.460000 0.799161 0.007525
8.470000 0.801285 0.008228
8.480000 0.803879 0.008869
8.490000 0.807275 0.008049
8.500000 0.811310 0.007420
8.510000 0.815686 0.006810
8.520000 0.821756 0.006664
8.530000 0.828328 0.007865
8.540000 0.835168 0.006318
8.550000 0.841716 0.005390
8.560000 0.847606 0.005593
8.570000 0.853108 0.004835
8.580000 0.858483 0.003856
8.590000 0.864939 0.005605
8.600000 0.870745 0.005725
8.610000 0.876310 0.004539
8.620000 0.878624 0.005134
8.630000 0.880426 0.006218
8.640000 0.882273 0.006488
8.650000 0.883874 0.007093
8.660000 0.885965 0.008308
8.670000 0.888175 0.009904
8.680000 0.890052 0.009979
8.690000 0.891734 0.010061
8.700000 0.893522 0.010418
8.710000 0.895181 0.011041
8.720000 0.896937 0.010370
8.730000 0.899141 0.010084
8.740000 0.900427 0.010030
8.750000 0.901374 0.009952
8.760000 0.901948 0.009377
8.770000 0.902983 0.008830
8.780000 0.904302 0.008773
8.790000 0.905291 0.008894
8.800000 0.905994 0.009480
8.810000 0.906421 0.010107
8.820000 0.907200 0.009749
8.830000 0.908123 0.009663
8.840000 0.908549 0.010007
8.850000 0.908740 0.010257
8.860000 0.907822 0.009963
8.870000 0.906859 0.009634
8.880000 0.905265 0.009393
8.890000 0.903604 0.009262
8.900000 0.901910 0.009053
8.910000 0.899429 0.009208
8.920000 0.896485 0.009989
8.930000 0.893197 0.011297
8.940000 0.888753 0.013168
8.950000 0.883994 0.015271
8.960000 0.879174 0.016830
8.970000 0.873479 0.018431
8.980000 0.866974 0.019895
8.990000 0.860207 0.021154
9.000000 0.853297 0.022601
9.010000 0.846160 0.023304
9.020000 0.838740 0.023306
9.030000 0.831380 0.023414
9.040000 0.824449 0.023438
9.050000 0.818122 0.023141
9.060000 0.811748 0.023053
9.070000 0.805496 0.023186
9.080000 0.800058 0.023213
9.090000 0.795364 0.023315
9.100000 0.791661 0.023577
9.110000 0.788897 0.023937
9.120000 0.787157 0.024343
9.130000 0.787920 0.024550
9.140000 0.789272 0.024763
9.150000 0.791825 0.024879
9.160000 0.795697 0.024960
9.170000 0.800631 0.024867
9.180000 0.806517 0.024590
9.190000 0.813237 0.024114
9.200000 0.820304 0.023357
9.210000 0.827773 0.022492
9.220000 0.835732 0.021395
9.230000 0.844074 0.020071
9.240000 0.852282 0.018566
9.250000 0.860205 0.016906
9.260000 0.867899 0.015288
9.270000 0.875232 0.013456
9.280000 0.881819 0.011642
9.290000 0.887198 0.009642
9.300000 0.891662 0.007576
9.310000 0.894685 0.005746
9.320000 0.896743 0.004290
9.330000 0.898292 0.003165
9.340000 0.899051 0.002495
9.350000 0.898838 0.002679
9.360000 0.897689 0.003310
9.370000 0.894879 0.004548
9.380000 0.891421 0.006392
9.390000 0.888033 0.007844
9.400000 0.884415 0.008903
9.410000 0.879916 0.010081
9.420000 0.875497 0.011302
9.430000 0.871302 0.012483
9.440000 0.866862 0.013254
9.450000 0.862103 0.013609
9.460000 0.857726 0.014113
9.470000 0.853899 0.014347
9.480000 0.851349 0.014316
9.490000 0.848726 0.014131
9.500000 0.846180 0.013932
9.510000 0.843783 0.013204
9.520000 0.841833 0.012284
9.530000 0.840390 0.011300
9.540000 0.839286 0.010420
9.550000 0.838098 0.009507
9.560000 0.836501 0.008878
9.570000 0.834996 0.008909
9.580000 0.833562 0.009363
9.590000 0.831982 0.010263
9.600000 0.830351 0.011470
9.610000 0.828838 0.012771
9.620000 0.827202 0.013840
9.630000 0.825128 0.014866
9.640000 0.822999 0.015603
9.650000 0.821159 0.015912
9.660000 0.819472 0.015934
9.670000 0.817975 0.015565
9.680000 0.816800 0.015002
9.690000 0.815740 0.014363
9.700000 0.814494 0.013545
9.710000 0.813486 0.012667
9.720000 0.813127 0.011814
9.730000 0.813488 0.010900
9.740000 0.814271 0.010220
9.750000 0.815653 0.009998
9.760000 0.817654 0.010203
9.770000 0.820355 0.010493
9.780000 0.823456 0.010947
9.790000 0.826391 0.011546
9.800000 0.829150 0.012073
9.810000 0.832145 0.012271
9.820000 0.835510 0.012217
9.830000 0.838951 0.011903
9.840000 0.841329 0.011235
9.850000 0.843121 0.010261
9.860000 0.844615 0.009222
9.870000 0.846124 0.007537
9.880000 0.847132 0.005959
9.890000 0.847428 0.004623
9.900000 0.847447 0.004163
9.910000 0.846679 0.004702
9.920000 0.844914 0.006193
9.930000 0.842681 0.008143
9.940000 0.839586 0.009906
9.950000 0.835824 0.011761
9.960000 0.831518 0.013454
9.970000 0.827044 0.014720
9.980000 0.822178 0.015417
9.990000 0.816465 0.016104
10.000000 0.810238 0.016408
10.010000 0.804097 0.016344
10.020000 0.798624 0.015909
10.030000 0.793080 0.015381
10.040000 0.787431 0.014737
10.050000 0.782269 0.013737
10.060000 0.777471 0.012537
10.070000 0.772981 0.011473
10.080000 0.769189 0.010946
10.090000 0.766159 0.010584
10.100000 0.763542 0.010449
10.110000 0.761707 0.010259
10.120000 0.760569 0.010416
10.130000 0.759913 0.010987
10.140000 0.759458 0.011857
10.150000 0.759755 0.012767
10.160000 0.760802 0.013290
10.170000 0.761807 0.013644
10.180000 0.763076 0.013903
10.190000 0.764752 0.013977
10.200000 0.766562 0.013886
10.210000 0.768786 0.013664
10.220000 0.771539 0.013306
10.230000 0.775577 0.012742
10.240000 0.779759 0.012014
10.250000 0.783963 0.011030
10.260000 0.788231 0.009890
10.270000 0.792178 0.008588
10.280000 0.795794 0.007357
10.290000 0.798857 0.006283
10.300000 0.801534 0.005779
10.310000 0.803569 0.005742
10.320000 0.804853 0.006162
10.330000 0.805396 0.007230
10.340000 0.805171 0.008219
10.350000 0.804426 0.009046
10.360000 0.803230 0.009708
10.370000 0.801635 0.010176
10.380000 0.799436 0.010257
10.390000 0.797075 0.010051
10.400000 0.794767 0.009758
10.410000 0.792334 0.009405
10.420000 0.789733 0.008807
10.430000 0.786792 0.007885
10.440000 0.783619 0.006862
10.450000 0.780622 0.006034
10.460000 0.777804 0.005651
10.470000 0.775493 0.005826
10.480000 0.773471 0.006320
10.490000 0.771754 0.006827
10.500000 0.770156 0.007439
10.510000 0.768511 0.008205
10.520000 0.767130 0.009036
10.530000 0.766580 0.009685
10.540000 0.766920 0.010018
10.550000 0.767308 0.010201
10.560000 0.767777 0.010109
10.570000 0.768692 0.009904
10.580000 0.770195 0.009435
10.590000 0.771599 0.008963
10.600000 0.772818 0.008374
10.610000 0.774181 0.007566
10.620000 0.776045 0.006615
10.630000 0.777918 0.005564
10.640000 0.779512 0.004427
10.650000 0.780604 0.003262
10.660000 0.781522 0.002657
10.670000 0.782647 0.002997
10.680000 0.783600 0.003951
10.690000 0.784321 0.004994
10.700000 0.784398 0.005959
10.710000 0.783165 0.006839
10.720000 0.781582 0.007528
10.730000 0.779718 0.008259
10.740000 0.777828 0.008797
10.750000 0.775367 0.009122
10.760000 0.773345 0.009173
10.770000 0.771731 0.008995
10.780000 0.770398 0.008608
10.790000 0.769035 0.008222
10.800000 0.767309 0.007919
10.810000 0.765832 0.007474
10.820000 0.764613 0.006531
10.830000 0.763440 0.005729
10.840000 0.762216 0.005092
10.850000 0.760890 0.004487
10.860000 0.758901 0.003992
10.870000 0.757200 0.003788
10.880000 0.755917 0.004030
10.890000 0.754704 0.004638
10.900000 0.753705 0.005564
10.910000 0.752928 0.006503
10.920000 0.752394 0.007268
10.930000 0.752188 0.007850
10.940000 0.752373 0.008260
10.950000 0.753049 0.008526
10.960000 0.753980 0.008629
10.970000 0.754939 0.008500
10.980000 0.755857 0.008159
10.990000 0.756945 0.007637
11.000000 0.758077 0.006984
11.010000 0.759262 0.006276
11.020000 0.760497 0.005467
11.030000 0.761574 0.004564
11.040000 0.762458 0.003793
11.050000 0.763015 0.003476
11.060000 0.762826 0.003907
11.070000 0.762234 0.004985
11.080000 0.761242 0.006300
11.090000 0.759965 0.007588
11.100000 0.758346 0.008834
11.110000 0.756062 0.010257
11.120000 0.753564 0.011334
11.130000 0.750687 0.012095
11.140000 0.747493 0.012664
11.150000 0.743951 0.013257
11.160000 0.739844 0.014144
11.170000 0.735791 0.014689
11.180000 0.731545 0.014847
11.190000 0.727137 0.014724
11.200000 0.722698 0.014397
11.210000 0.718380 0.013731
11.220000 0.714370 0.012829
11.230000 0.710594 0.012091
11.240000 0.706858 0.011553
11.250000 0.703248 0.011000
11.260000 0.699898 0.010191
11.270000 0.697125 0.009465
11.280000 0.694834 0.008892
11.290000 0.692909 0.008403
11.300000 0.691407 0.007981
11.310000 0.690252 0.007555
11.320000 0.689178 0.007728
11.330000 0.687928 0.008118
11.340000 0.686921 0.008296
11.350000 0.686423 0.008412
11.360000 0.686199 0.008462
11.370000 0.686426 0.008502
11.380000 0.687091 0.008480
11.390000 0.687985 0.008239
11.400000 0.689237 0.008029
11.410000 0.690744 0.007863
11.420000 0.692279 0.007735
11.430000 0.693735 0.007455
11.440000 0.694854 0.006700
11.450000 0.695867 0.005995
11.460000 0.696755 0.005333
11.470000 0.697466 0.004741
11.480000 0.697782 0.004140
11.490000 0.697282 0.003898
11.500000 0.696207 0.004107
11.510000 0.694753 0.004787
11.520000 0.692895 0.005172
11.530000 0.690914 0.005759
11.540000 0.688658 0.006615
11.550000 0.685963 0.007585
11.560000 0.682404 0.008536
11.570000 0.678370 0.009313
11.580000 0.674061 0.010244
11.590000 0.669592 0.011245
11.600000 0.665186 0.011799
11.610000 0.660309 0.012082
11.620000 0.655067 0.012273
11.630000 0.649579 0.012503
11.640000 0.643765 0.012928
11.650000 0.638207 0.013111
11.660000 0.632892 0.013189
11.670000 0.627843 0.012743
11.680000 0.623193 0.011355
11.690000 0.618968 0.010163
11.700000 0.615003 0.009238
11.710000 0.611666 0.008622
11.720000 0.608928 0.008112
11.730000 0.606881 0.007736
11.740000 0.605351 0.006887
11.750000 0.604340 0.006104
11.760000 0.603896 0.005788
11.770000 0.603821 0.005515
11.780000 0.603903 0.005255
11.790000 0.603964 0.005126
11.800000 0.603909 0.005300
11.810000 0.603665 0.004957
11.820000 0.603112 0.004950
11.830000 0.601466 0.005239
11.840000 0.599054 0.006480
11.850000 0.596252 0.008771
11.860000 0.592455 0.012008
11.870000 0.587073 0.016370
11.880000 0.580167 0.021329
11.890000 0.571488 0.026720
11.900000 0.560553 0.032561
11.910000 0.548213 0.038576
11.920000 0.534466 0.044971
11.930000 0.518281 0.051648
11.940000 0.501213 0.057817
11.950000 0.483364 0.063488
11.960000 0.464471 0.068296
11.970000 0.444421 0.072469
11.980000 0.423537 0.076203
11.990000 0.401814 0.079454
12.000000 0.379923 0.081689
12.010000 0.358119 0.083044
12.020000 0.336489 0.083596
12.030000 0.315590 0.082776
12.040000 0.294909 0.081201
12.050000 0.274643 0.079059
12.060000 0.255206 0.076290
12.070000 0.236317 0.073630
12.080000 0.218094 0.070880
12.090000 0.201171 0.067855
12.100000 0.185596 0.064342
12.110000 0.170749 0.060668
12.120000 0.156601 0.056957
12.130000 0.143514 0.053611
12.140000 0.131037 0.050358
12.150000 0.119203 0.047153
12.160000 0.109384 0.043778
12.170000 0.100206 0.040534
12.180000 0.091590 0.037513
12.190000 0.083748 0.035047
12.200000 0.076105 0.032618
12.210000 0.068686 0.030274
12.220000 0.062652 0.028057
12.230000 0.057328 0.025793
12.240000 0.052719 0.023534
12.250000 0.048475 0.021824
12.260000 0.044153 0.020062
12.270000 0.039748 0.018257
12.280000 0.035878 0.016487
12.290000 0.032489 0.014669
12.300000 0.029578 0.012852
12.310000 0.026729 0.011800
12.320000 0.023844 0.010905
12.330000 0.020947 0.010130
12.340000 0.018261 0.009407
12.350000 0.015917 0.008628
12.360000 0.014026 0.007809
12.370000 0.012450 0.007032
12.380000 0.011034 0.006316
12.390000 0.009847 0.005677
12.400000 0.009154 0.004644
12.410000 0.008707 0.003743
12.420000 0.008582 0.003080
12.430000 0.008613 0.002505
12.440000 0.008558 0.002094
12.450000 0.008165 0.001711
12.460000 0.007563 0.001235
12.470000 0.006822 0.000888
12.480000 0.005740 0.000721
12.490000 0.004999 0.000844
12.500000 0.004500 0.001105
12.510000 0.004504 0.001176
12.520000 0.004466 0.001223
12.530000 0.004388 0.001282
12.540000 0.003991 0.000956
12.550000 0.003505 0.001170
12.560000 0.002877 0.002098
12.570000 0.002396 0.002755
12.580000 0.002053 0.003182
12.590000 0.002062 0.002981
12.600000 0.002207 0.002767
12.610000 0.002481 0.002796
12.620000 0.002536 0.003086
12.630000 0.002598 0.003241
12.640000 0.002721 0.002691
12.650000 0.002869 0.001623
12.660000 0.003012 0.001134
12.670000 0.003038 0.001932
12.680000 0.002917 0.002527
12.690000 0.002637 0.002741
12.700000 0.002405 0.002472
12.710000 0.002067 0.002298
12.720000 0.001584 0.002272
12.730000 0.001356 0.001989
12.740000 0.001201 0.001689
12.750000 0.001039 0.001520
12.760000 0.001017 0.001252
12.770000 0.001206 0.000931
12.780000 0.001210 0.000808
12.790000 0.001253 0.000787
12.800000 0.001525 0.000652
12.810000 0.001548 0.000538
12.820000 0.001440 0.000591
12.830000 0.001326 0.000733
12.840000 0.001199 0.000872
12.850000 0.001028 0.000831
12.860000 0.001012 0.000705
12.870000 0.001080 0.000585
12.880000 0.001187 0.000471
12.890000 0.001299 0.000532
12.900000 0.001423 0.000652
12.910000 0.001438 0.000715
12.920000 0.001416 0.000846
12.930000 0.001292 0.000914
12.940000 0.001181 0.001073
12.950000 0.001109 0.001191
12.960000 0.001038 0.001180
12.970000 0.000973 0.001080
12.980000 0.000802 0.000771
12.990000 0.000694 0.000511
13.000000 0.000748 0.000486
13.010000 0.000877 0.000614
13.020000 0.001029 0.000675
13.030000 0.001168 0.000531
13.040000 0.001269 0.000674
13.050000 0.001172 0.000769
13.060000 0.001132 0.000708
13.070000 0.001115 0.000586
13.080000 0.001099 0.000498
13.090000 0.001102 0.000497
13.100000 0.001316 0.000451
13.110000 0.001493 0.000341
13.120000 0.001602 0.000280
13.130000 0.001621 0.000381
13.140000 0.001593 0.000635
13.150000 0.001522 0.000723
13.160000 0.001457 0.000806
13.170000 0.001417 0.000634
13.180000 0.001223 0.000500
13.190000 0.000879 0.000843
13.200000 0.000648 0.000890
13.210000 0.000459 0.000832
13.220000 0.000539 0.000675
13.230000 0.000635 0.000680
13.240000 0.000789 0.000714
13.250000 0.000844 0.000826
13.260000 0.000830 0.000970
13.270000 0.000942 0.000891
13.280000 0.001087 0.000789
13.290000 0.001198 0.000662
13.300000 0.001304 0.000641
13.310000 0.001403 0.000694
13.320000 0.001393 0.000772
13.330000 0.001261 0.000855
13.340000 0.001101 0.000757
13.350000 0.000953 0.000673
13.360000 0.000750 0.000830
13.370000 0.000569 0.001086
13.380000 0.000624 0.000958
13.390000 0.000667 0.000789
13.400000 0.000704 0.000613
13.410000 0.000719 0.000766
13.420000 0.000761 0.000940
13.430000 0.000770 0.000857
13.440000 0.000767 0.000717
13.450000 0.000807 0.000480
13.460000 0.000849 0.000355
13.470000 0.000967 0.000326
13.480000 0.001117 0.000594
13.490000 0.001386 0.000793
13.500000 0.001660 0.000882
13.510000 0.001900 0.000845
13.520000 0.001994 0.000707
13.530000 0.001970 0.000622
13.540000 0.001779 0.000533
13.550000 0.001546 0.000539
13.560000 0.001319 0.000643
13.570000 0.001104 0.000692
13.580000 0.000947 0.000720
13.590000 0.000839 0.000876
13.600000 0.000833 0.001043
13.610000 0.000869 0.001091
13.620000 0.000958 0.000950
13.630000 0.000951 0.000700
13.640000 0.000880 0.000463
13.650000 0.000763 0.000361
13.660000 0.000634 0.000409
13.670000 0.000670 0.000549
13.680000 0.000732 0.000679
13.690000 0.000842 0.000772
13.700000 0.000940 0.000917
13.710000 0.000960 0.000950
13.720000 0.000985 0.000935
13.730000 0.001035 0.000822
13.740000 0.001159 0.000730
13.750000 0.001423 0.000602
13.760000 0.001597 0.000613
13.770000 0.001719 0.000660
13.780000 0.001773 0.000571
13.790000 0.001811 0.000551
13.800000 0.001701 0.000575
13.810000 0.001498 0.000704
13.820000 0.001378 0.000627
13.830000 0.001263 0.000545
13.840000 0.001139 0.000440
13.850000 0.000999 0.000448
13.860000 0.000940 0.000532
13.870000 0.000883 0.000688
13.880000 0.000867 0.000488
13.890000 0.000845 0.000418
13.900000 0.000890 0.000594
13.910000 0.000945 0.000874
13.920000 0.000980 0.000922
13.930000 0.000995 0.000923
13.940000 0.000969 0.000796
13.950000 0.000942 0.000774
13.960000 0.000894 0.000883
13.970000 0.000897 0.000984
13.980000 0.000981 0.001105
13.990000 0.001065 0.001151
14.000000 0.001183 0.001114
14.010000 0.001255 0.001059
14.020000 0.001285 0.000989
14.030000 0.001264 0.000961
14.040000 0.001194 0.000951
14.050000 0.001120 0.000990
14.060000 0.001038 0.001126
14.070000 0.000985 0.001177
14.080000 0.000973 0.001133
14.090000 0.000980 0.000955
14.100000 0.001025 0.000750
14.110000 0.001071 0.000647
14.120000 0.001140 0.000766
14.130000 0.001181 0.000878
14.140000 0.001188 0.000900
14.150000 0.001209 0.000794
14.160000 0.001263 0.000621
14.170000 0.001274 0.000584
14.180000 0.001271 0.000646
14.190000 0.001247 0.000700
14.200000 0.001195 0.000747
14.210000 0.001196 0.000762
14.220000 0.001224 0.000799
14.230000 0.001247 0.000778
14.240000 0.001288 0.000743
14.250000 0.001296 0.000661
14.260000 0.001254 0.000524
14.270000 0.001175 0.000415
14.280000 0.001038 0.000321
14.290000 0.000911 0.000332
14.300000 0.000817 0.000412
14.310000 0.000743 0.000457
14.320000 0.000678 0.000452
14.330000 0.000667 0.000438
14.340000 0.000773 0.000430
14.350000 0.000850 0.000379
14.360000 0.000882 0.000482
14.370000 0.000936 0.000717
14.380000 0.001090 0.000740
14.390000 0.001243 0.000757
14.400000 0.001418 0.000592
14.410000 0.001575 0.000604
14.420000 0.001536 0.000672
14.430000 0.001503 0.000857
14.440000 0.001200 0.000757
14.450000 0.000905 0.000885
14.460000 0.000600 0.000850
14.470000 0.000307 0.000967
14.480000 0.000218 0.000867
14.490000 0.000183 0.000764
14.500000 0.000212 0.000593
14.510000 0.000264 0.000537
14.520000 0.000292 0.000579
14.530000 0.000299 0.000664
14.540000 0.000298 0.000657
14.550000 0.000274 0.000621
14.560000 0.000272 0.000698
14.570000 0.000266 0.000752
14.580000 0.000253 0.000747
14.590000 0.000205 0.000540
14.600000 0.000161 0.000472
14.610000 0.000179 0.000568
14.620000 0.000194 0.000683
14.630000 0.000162 0.000506
14.640000 0.000146 0.000551
14.650000 0.000149 0.000601
14.660000 0.000160 0.000650
14.670000 0.000053 0.000616
14.680000 -0.000090 0.000671
14.690000 -0.000101 0.000608
14.700000 -0.000030 0.000514
14.710000 0.000022 0.000538
14.720000 0.000030 0.000444
14.730000 0.000055 0.000455
14.740000 0.000121 0.000450
14.750000 0.000181 0.000575
14.760000 0.000148 0.000554
14.770000 0.000107 0.000799
14.780000 0.000156 0.000858
14.790000 0.000208 0.000967
14.800000 0.000256 0.000803
14.810000 0.000289 0.000509
14.820000 0.000319 0.000305
14.830000 0.000331 0.000273
14.840000 0.000309 0.000414
14.850000 0.000189 0.000485
14.860000 0.000074 0.000610
14.870000 0.000043 0.000698
14.880000 0.000020 0.000851
14.890000 -0.000072 0.000655
14.900000 -0.000160 0.000608
14.910000 -0.000202 0.000745
14.920000 -0.000227 0.001031
14.930000 -0.000226 0.001176
14.940000 -0.000187 0.001153
14.950000 -0.000135 0.001127
14.960000 -0.000037 0.000821
14.970000 0.000053 0.000590
14.980000 0.000034 0.000650
14.990000 0.000021 0.000794
15.000000 0.000052 0.000726
15.010000 0.000118 0.000720
15.020000 0.000163 0.000711
15.030000 0.000198 0.000672
15.040000 0.000225 0.000684
15.050000 0.000236 0.000542
15.060000 0.000247 0.000535
15.070000 0.000157 0.000397
15.080000 0.000062 0.000721
15.090000 0.000064 0.000857
15.100000 0.000099 0.000973
15.110000 0.000110 0.001031
15.120000 0.000099 0.000941
15.130000 0.000084 0.000849
15.140000 0.000127 0.000844
15.150000 0.000167 0.000925
15.160000 0.000160 0.000947
15.170000 0.000137 0.000972
15.180000 0.000111 0.000913
15.190000 0.000076 0.000775
15.200000 0.000036 0.000740
15.210000 -0.000033 0.000681
15.220000 -0.000105 0.000647
15.230000 -0.000047 0.000546
15.240000 0.000016 0.000492
15.250000 0.000108 0.000459
15.260000 0.000213 0.000559
15.270000 0.000299 0.000712
15.280000 0.000322 0.000797
15.290000 0.000353 0.000925
15.300000 0.000319 0.000926
15.310000 0.000286 0.000967
15.320000 0.000239 0.000993
15.330000 0.000174 0.001006
15.340000 0.000128 0.001030
15.350000 0.000103 0.000980
15.360000 0.000070 0.000945
15.370000 0.000062 0.000954
15.380000 0.000054 0.000977
15.390000 0.000051 0.000931
15.400000 0.000039 0.000875
15.410000 0.000029 0.000894
15.420000 -0.000007 0.000923
15.430000 -0.000051 0.000970
15.440000 -0.000082 0.000909
15.450000 -0.000122 0.000821
15.460000 -0.000131 0.000725
15.470000 -0.000088 0.000612
15.480000 -0.000045 0.000536
15.490000 -0.000023 0.000492
15.500000 0.000002 0.000462
15.510000 0.000005 0.000424
15.520000 -0.000007 0.000484
15.530000 -0.000021 0.000625
15.540000 -0.000067 0.000710
15.550000 -0.000106 0.000843
15.560000 -0.000095 0.000687
15.570000 -0.000069 0.000495
15.580000 -0.000060 0.000407
15.590000 -0.000094 0.000461
15.600000 -0.000122 0.000606
15.610000 -0.000119 0.000519
15.620000 -0.000112 0.000469
15.630000 -0.000095 0.000476
15.640000 -0.000073 0.000538
15.650000 -0.000043 0.000638
15.660000 0.000038 0.000600
15.670000 0.000128 0.000587
15.680000 0.000155 0.000530
15.690000 0.000148 0.000460
15.700000 0.000145 0.000450
15.710000 0.000165 0.000351
15.720000 0.000190 0.000396
15.730000 0.000187 0.000453
15.740000 0.000183 0.000545
15.750000 0.000180 0.000599
15.760000 0.000156 0.000426
15.770000 0.000138 0.000412
15.780000 0.000107 0.000404
15.790000 0.000071 0.000464
15.800000 0.000036 0.000559
15.810000 0.000011 0.000439
15.820000 -0.000007 0.000488
15.830000 -0.000018 0.000559
15.840000 -0.000024 0.000663
15.850000 -0.000031 0.000737
15.860000 -0.000046 0.000446
15.870000 -0.000059 0.000510
15.880000 -0.000048 0.000521
15.890000 -0.000035 0.000619
15.900000 -0.000031 0.000755
15.910000 -0.000050 0.000489
15.920000 -0.000072 0.000444
15.930000 -0.000052 0.000491
15.940000 -0.000011 0.000514
15.950000 0.000031 0.000577
15.960000 0.000039 0.000554
15.970000 0.000048 0.000603
15.980000 0.000076 0.000559
15.990000 0.000115 0.000508
16.000000 0.000159 0.000541
16.010000 0.000093 0.000419
16.020000 0.000024 0.000394
16.030000 -0.000011 0.000456
16.040000 -0.000011 0.000507
16.050000 -0.000009 0.000611
16.060000 -0.000004 0.000550
16.070000 0.000006 0.000518
16.080000 0.000015 0.000505
16.090000 0.000034 0.000465
16.100000 0.000058 0.000447
16.110000 0.000062 0.000440
16.120000 0.000064 0.000461
16.130000 0.000064 0.000498
16.140000 0.000101 0.000532
16.150000 0.000135 0.000597
16.160000 0.000163 0.000682
16.170000 0.000171 0.000744
16.180000 0.000177 0.000811
16.190000 0.000162 0.000805
16.200000 0.000147 0.000795
16.210000 0.000136 0.000810
16.220000 0.000142 0.000855
16.230000 0.000152 0.000907
16.240000 0.000169 0.000836
16.250000 0.000193 0.000684
16.260000 0.000221 0.000577
16.270000 0.000193 0.000529
16.280000 0.000169 0.000551
16.290000 0.000138 0.000603
16.300000 0.000105 0.000648
16.310000 0.000070 0.000705
16.320000 0.000068 0.000813
16.330000 0.000074 0.000962
16.340000 0.000083 0.001138
16.350000 0.000148 0.001110
16.360000 0.000208 0.001090
16.370000 0.000241 0.001029
16.380000 0.000238 0.000867
16.390000 0.000236 0.000722
16.400000 0.000189 0.000669
16.410000 0.000121 0.000653
16.420000 0.000055 0.000666
16.430000 0.000013 0.000714
16.440000 -0.000037 0.000772
16.450000 -0.000070 0.000794
16.460000 -0.000072 0.000620
16.470000 -0.000070 0.000505
16.480000 -0.000038 0.000425
16.490000 0.000011 0.000537
16.500000 0.000062 0.000794
16.510000 0.000083 0.000826
16.520000 0.000100 0.000840
16.530000 0.000111 0.000897
16.540000 0.000019 0.000858
16.550000 -0.000067 0.000829
16.560000 -0.000152 0.000797
16.570000 -0.000237 0.000703
16.580000 -0.000323 0.000648
16.590000 -0.000317 0.000674
16.600000 -0.000264 0.000795
16.610000 -0.000217 0.000919
16.620000 -0.000092 0.001033
16.630000 0.000036 0.001210
16.640000 0.000157 0.001339
16.650000 0.000197 0.001143
16.660000 0.000239 0.001011
16.670000 0.000263 0.000914
16.680000 0.000245 0.000827
16.690000 0.000225 0.000839
16.700000 0.000180 0.000806
16.710000 0.000111 0.000724
16.720000 0.000049 0.000720
16.730000 0.000014 0.000566
16.740000 -0.000006 0.000498
16.750000 -0.000030 0.000632
16.760000 0.000007 0.000705
16.770000 0.000047 0.000799
16.780000 0.000092 0.000868
16.790000 0.000158 0.000686
16.800000 0.000222 0.000543
16.810000 0.000245 0.000462
16.820000 0.000189 0.000448
16.830000 0.000136 0.000535
16.840000 0.000080 0.000569
16.850000 0.000023 0.000521
16.860000 -0.000032 0.000481
16.870000 -0.000048 0.000421
16.880000 -0.000044 0.000436
16.890000 -0.000041 0.000546
16.900000 -0.000017 0.000324
16.910000 0.000010 0.000261
16.920000 0.000036 0.000543
16.930000 0.000032 0.000505
16.940000 0.000024 0.000479
16.950000 0.000017 0.000492
16.960000 0.000012 0.000381
16.970000 0.000010 0.000379
16.980000 -0.000001 0.000459
16.990000 -0.000036 0.000472
17.000000 -0.000071 0.000537
17.010000 -0.000103 0.000525
17.020000 -0.000123 0.000388
17.030000 -0.000141 0.000478
17.040000 -0.000148 0.000631
17.050000 -0.000134 0.000710
17.060000 -0.000124 0.000806
17.070000 -0.000107 0.000825
17.080000 -0.000083 0.000757
17.090000 -0.000057 0.000684
17.100000 -0.000041 0.000632
17.110000 -0.000030 0.000549
17.120000 -0.000022 0.000497
17.130000 -0.000009 0.000475
17.140000 0.000002 0.000496
17.150000 0.000013 0.000550
17.160000 0.000020 0.000518
17.170000 0.000030 0.000456
17.180000 0.000036 0.000411
17.190000 0.000021 0.000359
17.200000 0.000001 0.000422
17.210000 -0.000020 0.000577
17.220000 -0.000025 0.000700
17.230000 -0.000028 0.000861
17.240000 -0.000029 0.001035
17.250000 -0.000022 0.000945
17.260000 -0.000013 0.000807
17.270000 -0.000006 0.000691
17.280000 0.000005 0.000479
17.290000 0.000015 0.000257
17.300000 0.000027 0.000183
17.310000 0.000023 0.000214
17.320000 0.000018 0.000281
17.330000 0.000013 0.000355
17.340000 0.000005 0.000301
17.350000 -0.000005 0.000287
17.360000 -0.000011 0.000342
17.370000 -0.000013 0.000316
17.380000 -0.000011 0.000328
17.390000 -0.000011 0.000375
17.400000 -0.000013 0.000364
17.410000 -0.000014 0.000353
17.420000 -0.000017 0.000380
17.430000 -0.000015 0.000296
17.440000 -0.000010 0.000233
17.450000 -0.000007 0.000274
17.460000 -0.000003 0.000285
17.470000 0.000002 0.000325
17.480000 0.000005 0.000388
17.490000 0.000008 0.000396
17.500000 0.000010 0.000377
17.510000 0.000012 0.000370
17.520000 0.000020 0.000281
17.530000 0.000030 0.000259
17.540000 0.000041 0.000363
17.550000 0.000042 0.000488
17.560000 0.000037 0.000585
17.570000 0.000032 0.000696
17.580000 0.000023 0.000663
17.590000 0.000012 0.000522
17.600000 0.000001 0.000438
17.610000 -0.000007 0.000336
17.620000 -0.000012 0.000223
17.630000 -0.000018 0.000326
17.640000 -0.000018 0.000457
17.650000 -0.000001 0.000458
17.660000 0.000015 0.000481
17.670000 0.000027 0.000491
17.680000 0.000031 0.000348
17.690000 0.000036 0.000244
17.700000 0.000039 0.000244
17.710000 0.000036 0.000297
17.720000 0.000032 0.000419
17.730000 0.000027 0.000595
17.740000 0.000018 0.000664
17.750000 0.000009 0.000735
17.760000 -0.000001 0.000822
17.770000 -0.000009 0.000745
17.780000 -0.000017 0.000676
17.790000 -0.000024 0.000659
17.800000 -0.000026 0.000653
17.810000 -0.000025 0.000698
17.820000 -0.000024 0.000809
17.830000 -0.000017 0.000873
17.840000 -0.000002 0.000889
17.850000 0.000013 0.000955
17.860000 0.000026 0.001007
17.870000 0.000036 0.000968
17.880000 0.000045 0.000958
17.890000 0.000054 0.000996
17.900000 0.000050 0.000960
17.910000 0.000000 0.000000
17.920000 0.000000 0.000000
17.930000 0.000000 0.000000
17.940000 0.000000 0.000000
17.950000 0.000000 0.000000
17.960000 0.000000 0.000000
17.970000 -0.000000 0.000000
17.980000 -0.000000 0.000000
17.990000 -0.000000 0.000000
18.000000 0.000000 0.000000
18.010000 0.000000 0.000000
18.020000 0.000000 0.000000
18.030000 0.000000 0.000000
18.040000 0.000000 0.000000
18.050000 0.000000 0.000000
18.060000 0.000000 0.000000
18.070000 0.000000 0.000000
18.080000 0.000000 0.000000
18.090000 0.000000 0.000000
18.100000 0.000000 0.000000
18.110000 0.000000 0.000000
18.120000 0.000000 0.000000
18.130000 0.000000 0.000000
18.140000 0.000000 0.000000
18.150000 0.000000 0.000000
18.160000 0.000000 0.000000
18.170000 -0.000000 0.000000
18.180000 -0.000000 0.000000
18.190000 0.000000 0.000000
18.200000 0.000000 0.000000
18.210000 0.000000 0.000000
18.220000 0.000000 0.000000
18.230000 0.000000 0.000000
18.240000 0.000000 0.000000
18.250000 0.000000 0.000000
18.260000 0.000000 0.000000
18.270000 0.000000 0.000000
18.280000 0.000000 0.000000
18.290000 0.000000 0.000000
18.300000 0.000000 0.000000
18.310000 0.000000 0.000000
18.320000 0.000000 0.000000
18.330000 0.000000 0.000000
18.340000 0.000000 0.000000
18.350000 0.000000 0.000000
18.360000 0.000000 0.000000
18.370000 0.000000 0.000000
18.380000 0.000000 0.000000
18.390000 0.000000 0.000000
18.400000 0.000000 0.000000
18.410000 0.000000 0.000000
18.420000 0.000000 0.000000
18.430000 0.000000 0.000000
18.440000 0.000000 0.000000
18.450000 0.000000 0.000000
18.460000 0.000000 0.000000
18.470000 -0.000000 0.000000
18.480000 -0.000000 0.000000
18.490000 -0.000000 0.000000
18.500000 -0.000000 0.000000
18.510000 -0.000000 0.000000
18.520000 -0.000000 0.000000
18.530000 -0.000000 0.000000
18.540000 -0.000000 0.000000
18.550000 -0.000000 0.000000
18.560000 -0.000000 0.000000
18.570000 -0.000000 0.000000
18.580000 -0.000000 0.000000
18.590000 -0.000000 0.000000
18.600000 -0.000000 0.000000
18.610000 -0.000000 0.000000
18.620000 -0.000000 0.000000
18.630000 -0.000000 0.000000
18.640000 -0.000000 0.000000
18.650000 -0.000000 0.000000
18.660000 -0.000000 0.000000
18.670000 -0.000000 0.000000
18.680000 -0.000000 0.000000
18.690000 -0.000000 0.000000
18.700000 -0.000000 0.000000
18.710000 -0.000000 0.000000
18.720000 -0.000000 0.000000
18.730000 -0.000000 0.000000
18.740000 -0.000000 0.000000
18.750000 -0.000000 0.000000
18.760000 -0.000000 0.000000
18.770000 -0.000000 0.000000
18.780000 -0.000000 0.000000
18.790000 -0.000000 0.000000
18.800000 -0.000000 0.000000
18.810000 -0.000000 0.000000
18.820000 -0.000000 0.000000
18.830000 -0.000000 0.000000
18.840000 -0.000000 0.000000
18.850000 -0.000000 0.000000
18.860000 -0.000000 0.000000
18.870000 0.000000 0.000000
18.880000 0.000000 0.000000
18.890000 0.000000 0.000000
18.900000 0.000000 0.000000
18.910000 -0.000000 0.000000
18.920000 -0.000000 0.000000
18.930000 -0.000000 0.000000
18.940000 -0.000000 0.000000
18.950000 -0.000000 0.000000
18.960000 -0.000000 0.000000
18.970000 -0.000000 0.000000
18.980000 -0.000000 0.000000
18.990000 -0.000000 0.000000
19.000000 -0.000000 0.000000
19.010000 -0.000000 0.000000
19.020000 -0.000000 0.000000
19.030000 -0.000000 0.000000
19.040000 -0.000000 0.000000
19.050000 -0.000000 0.000000
19.060000 -0.000000 0.000000
19.070000 -0.000000 0.000000
19.080000 -0.000000 0.000000
19.090000 -0.000000 0.000000
19.100000 -0.000000 0.000000
19.110000 -0.000000 0.000000
19.120000 -0.000000 0.000000
19.130000 -0.000000 0.000000
19.140000 -0.000000 0.000000
19.150000 -0.000000 0.000000
19.160000 -0.000000 0.000000
19.170000 -0.000000 0.000000
19.180000 -0.000000 0.000000
19.190000 -0.000000 0.000000
19.200000 -0.000000 0.000000
19.210000 -0.000000 0.000000
19.220000 -0.000000 0.000000
19.230000 -0.000000 0.000000
19.240000 -0.000000 0.000000
19.250000 -0.000000 0.000000
19.260000 0.000000 0.000000
19.270000 0.000000 0.000000
19.280000 0.000000 0.000000
19.290000 0.000000 0.000000
19.300000 0.000000 0.000000
19.310000 0.000000 0.000000
19.320000 0.000000 0.000000
19.330000 0.000000 0.000000
19.340000 0.000000 0.000000
19.350000 0.000000 0.000000
19.360000 0.000000 0.000000
19.370000 0.000000 0.000000
19.380000 -0.000000 0.000000
19.390000 0.000000 0.000000
19.400000 0.000000 0.000000
19.410000 0.000000 0.000000
19.420000 0.000000 0.000000
19.430000 0.000000 0.000000
19.440000 0.000000 0.000000
19.450000 0.000000 0.000000
19.460000 0.000000 0.000000
19.470000 0.000000 0.000000
19.480000 0.000000 0.000000
19.490000 0.000000 0.000000
19.500000 0.000000 0.000000
19.510000 0.000000 0.000000
19.520000 0.000000 0.000000
19.530000 0.000000 0.000000
19.540000 0.000000 0.000000
19.550000 0.000000 0.000000
19.560000 0.000000 0.000000
19.570000 0.000000 0.000000
19.580000 0.000000 0.000000
19.590000 0.000000 0.000000
19.600000 0.000000 0.000000
19.610000 0.000000 0.000000
19.620000 0.000000 0.000000
19.630000 0.000000 0.000000
19.640000 0.000000 0.000000
19.650000 0.000000 0.000000
19.660000 0.000000 0.000000
19.670000 0.000000 0.000000
19.680000 0.000000 0.000000
19.690000 0.000000 0.000000
19.700000 0.000000 0.000000
19.710000 0.000000 0.000000
19.720000 0.000000 0.000000
19.730000 0.000000 0.000000
19.740000 0.000000 0.000000
19.750000 0.000000 0.000000
19.760000 0.000000 0.000000
19.770000 0.000000 0.000000
19.780000 0.000000 0.000000
19.790000 0.000000 0.000000
19.800000 0.000000 0.000000
19.810000 0.000000 0.000000
19.820000 0.000000 0.000000
19.830000 0.000000 0.000000
19.840000 -0.000000 0.000000
19.850000 -0.000000 0.000000
19.860000 -0.000000 0.000000
19.870000 -0.000000 0.000000
19.880000 -0.000000 0.000000
19.890000 0.000000 0.000000
19.900000 0.000000 0.000000
19.910000 0.000000 0.000000
19.920000 0.000000 0.000000
19.930000 0.000000 0.000000
19.940000 0.000000 0.000000
19.950000 0.000000 0.000000
19.960000 0.000000 0.000000
19.970000 0.000000 0.000000
19.980000 0.000000 0.000000
19.990000 0.000000 0.000000
